[
  {
    "image_path": "/Users/hwangjiyeong/PycharmProjects/facial reconition/face_recognition_1/train data/dami2.png",
    "landmarks": [
      [
        327,
        301
      ],
      [
        329,
        341
      ],
      [
        334,
        381
      ],
      [
        342,
        418
      ],
      [
        356,
        455
      ],
      [
        379,
        485
      ],
      [
        410,
        508
      ],
      [
        445,
        524
      ],
      [
        482,
        527
      ],
      [
        517,
        522
      ],
      [
        549,
        503
      ],
      [
        577,
        478
      ],
      [
        599,
        449
      ],
      [
        613,
        415
      ],
      [
        624,
        377
      ],
      [
        630,
        339
      ],
      [
        632,
        300
      ],
      [
        358,
        266
      ],
      [
        375,
        245
      ],
      [
        402,
        235
      ],
      [
        431,
        235
      ],
      [
        458,
        246
      ],
      [
        511,
        247
      ],
      [
        536,
        236
      ],
      [
        564,
        236
      ],
      [
        590,
        242
      ],
      [
        608,
        261
      ],
      [
        485,
        297
      ],
      [
        484,
        323
      ],
      [
        485,
        348
      ],
      [
        485,
        374
      ],
      [
        457,
        397
      ],
      [
        470,
        401
      ],
      [
        484,
        404
      ],
      [
        498,
        400
      ],
      [
        512,
        395
      ],
      [
        390,
        303
      ],
      [
        406,
        291
      ],
      [
        427,
        293
      ],
      [
        445,
        309
      ],
      [
        425,
        313
      ],
      [
        403,
        312
      ],
      [
        524,
        308
      ],
      [
        537,
        291
      ],
      [
        559,
        290
      ],
      [
        576,
        301
      ],
      [
        561,
        310
      ],
      [
        540,
        312
      ],
      [
        431,
        446
      ],
      [
        454,
        437
      ],
      [
        474,
        429
      ],
      [
        486,
        432
      ],
      [
        497,
        428
      ],
      [
        516,
        435
      ],
      [
        538,
        443
      ],
      [
        516,
        459
      ],
      [
        498,
        469
      ],
      [
        485,
        470
      ],
      [
        471,
        470
      ],
      [
        452,
        464
      ],
      [
        439,
        446
      ],
      [
        473,
        445
      ],
      [
        486,
        446
      ],
      [
        497,
        445
      ],
      [
        529,
        444
      ],
      [
        497,
        447
      ],
      [
        485,
        449
      ],
      [
        472,
        448
      ]
    ],
    "label": "dami2.png"
  },
  {
    "image_path": "/Users/hwangjiyeong/PycharmProjects/facial reconition/face_recognition_1/train data/hyunbin1.png",
    "landmarks": [
      [
        126,
        336
      ],
      [
        130,
        378
      ],
      [
        136,
        420
      ],
      [
        144,
        461
      ],
      [
        158,
        502
      ],
      [
        182,
        540
      ],
      [
        216,
        572
      ],
      [
        256,
        596
      ],
      [
        303,
        601
      ],
      [
        349,
        594
      ],
      [
        388,
        571
      ],
      [
        421,
        538
      ],
      [
        446,
        502
      ],
      [
        460,
        461
      ],
      [
        468,
        419
      ],
      [
        473,
        378
      ],
      [
        477,
        334
      ],
      [
        166,
        310
      ],
      [
        187,
        287
      ],
      [
        218,
        279
      ],
      [
        250,
        283
      ],
      [
        281,
        293
      ],
      [
        317,
        291
      ],
      [
        348,
        279
      ],
      [
        380,
        274
      ],
      [
        411,
        280
      ],
      [
        432,
        300
      ],
      [
        300,
        322
      ],
      [
        300,
        348
      ],
      [
        300,
        374
      ],
      [
        300,
        400
      ],
      [
        272,
        430
      ],
      [
        286,
        433
      ],
      [
        301,
        435
      ],
      [
        316,
        432
      ],
      [
        331,
        428
      ],
      [
        198,
        333
      ],
      [
        216,
        321
      ],
      [
        238,
        321
      ],
      [
        255,
        336
      ],
      [
        236,
        339
      ],
      [
        215,
        340
      ],
      [
        347,
        331
      ],
      [
        364,
        315
      ],
      [
        385,
        314
      ],
      [
        403,
        326
      ],
      [
        387,
        334
      ],
      [
        366,
        334
      ],
      [
        244,
        492
      ],
      [
        266,
        477
      ],
      [
        286,
        467
      ],
      [
        302,
        471
      ],
      [
        318,
        466
      ],
      [
        338,
        475
      ],
      [
        357,
        489
      ],
      [
        339,
        504
      ],
      [
        320,
        512
      ],
      [
        302,
        515
      ],
      [
        285,
        514
      ],
      [
        265,
        508
      ],
      [
        254,
        492
      ],
      [
        286,
        488
      ],
      [
        302,
        488
      ],
      [
        319,
        486
      ],
      [
        348,
        490
      ],
      [
        319,
        486
      ],
      [
        302,
        489
      ],
      [
        286,
        488
      ]
    ],
    "label": "hyunbin1.png"
  },
  {
    "image_path": "/Users/hwangjiyeong/PycharmProjects/facial reconition/face_recognition_1/train data/dami3.png",
    "landmarks": [
      [
        250,
        231
      ],
      [
        255,
        259
      ],
      [
        261,
        286
      ],
      [
        269,
        311
      ],
      [
        280,
        334
      ],
      [
        298,
        352
      ],
      [
        321,
        365
      ],
      [
        345,
        376
      ],
      [
        372,
        380
      ],
      [
        399,
        376
      ],
      [
        423,
        364
      ],
      [
        445,
        350
      ],
      [
        462,
        332
      ],
      [
        471,
        308
      ],
      [
        474,
        282
      ],
      [
        475,
        256
      ],
      [
        475,
        230
      ],
      [
        275,
        187
      ],
      [
        288,
        172
      ],
      [
        307,
        165
      ],
      [
        328,
        165
      ],
      [
        347,
        173
      ],
      [
        390,
        174
      ],
      [
        407,
        167
      ],
      [
        425,
        166
      ],
      [
        442,
        170
      ],
      [
        457,
        180
      ],
      [
        368,
        206
      ],
      [
        368,
        224
      ],
      [
        369,
        241
      ],
      [
        369,
        259
      ],
      [
        350,
        279
      ],
      [
        360,
        281
      ],
      [
        370,
        283
      ],
      [
        380,
        280
      ],
      [
        390,
        278
      ],
      [
        298,
        214
      ],
      [
        311,
        205
      ],
      [
        326,
        205
      ],
      [
        338,
        217
      ],
      [
        325,
        220
      ],
      [
        310,
        220
      ],
      [
        400,
        214
      ],
      [
        413,
        202
      ],
      [
        427,
        202
      ],
      [
        440,
        210
      ],
      [
        429,
        216
      ],
      [
        414,
        217
      ],
      [
        332,
        320
      ],
      [
        348,
        311
      ],
      [
        362,
        305
      ],
      [
        371,
        308
      ],
      [
        381,
        305
      ],
      [
        395,
        310
      ],
      [
        410,
        318
      ],
      [
        396,
        328
      ],
      [
        382,
        332
      ],
      [
        372,
        334
      ],
      [
        363,
        333
      ],
      [
        348,
        330
      ],
      [
        339,
        320
      ],
      [
        362,
        316
      ],
      [
        372,
        317
      ],
      [
        381,
        315
      ],
      [
        404,
        318
      ],
      [
        381,
        319
      ],
      [
        372,
        320
      ],
      [
        363,
        319
      ]
    ],
    "label": "dami3.png"
  },
  {
    "image_path": "/Users/hwangjiyeong/PycharmProjects/facial reconition/face_recognition_1/train data/rose1.png",
    "landmarks": [
      [
        258,
        331
      ],
      [
        266,
        385
      ],
      [
        277,
        438
      ],
      [
        293,
        488
      ],
      [
        319,
        535
      ],
      [
        353,
        576
      ],
      [
        391,
        613
      ],
      [
        432,
        646
      ],
      [
        481,
        653
      ],
      [
        533,
        640
      ],
      [
        581,
        604
      ],
      [
        625,
        560
      ],
      [
        663,
        512
      ],
      [
        684,
        454
      ],
      [
        694,
        391
      ],
      [
        697,
        326
      ],
      [
        695,
        263
      ],
      [
        257,
        273
      ],
      [
        278,
        243
      ],
      [
        314,
        233
      ],
      [
        352,
        236
      ],
      [
        389,
        248
      ],
      [
        452,
        238
      ],
      [
        490,
        217
      ],
      [
        532,
        206
      ],
      [
        576,
        206
      ],
      [
        614,
        228
      ],
      [
        427,
        297
      ],
      [
        427,
        332
      ],
      [
        428,
        368
      ],
      [
        427,
        404
      ],
      [
        404,
        446
      ],
      [
        421,
        449
      ],
      [
        440,
        450
      ],
      [
        460,
        444
      ],
      [
        480,
        438
      ],
      [
        304,
        315
      ],
      [
        323,
        295
      ],
      [
        353,
        293
      ],
      [
        381,
        313
      ],
      [
        354,
        322
      ],
      [
        324,
        325
      ],
      [
        493,
        298
      ],
      [
        515,
        271
      ],
      [
        547,
        269
      ],
      [
        578,
        281
      ],
      [
        553,
        297
      ],
      [
        521,
        300
      ],
      [
        401,
        528
      ],
      [
        410,
        498
      ],
      [
        430,
        480
      ],
      [
        448,
        484
      ],
      [
        465,
        477
      ],
      [
        499,
        491
      ],
      [
        533,
        517
      ],
      [
        507,
        542
      ],
      [
        478,
        557
      ],
      [
        458,
        561
      ],
      [
        438,
        561
      ],
      [
        417,
        549
      ],
      [
        414,
        526
      ],
      [
        433,
        512
      ],
      [
        451,
        511
      ],
      [
        469,
        509
      ],
      [
        517,
        516
      ],
      [
        471,
        518
      ],
      [
        453,
        522
      ],
      [
        435,
        521
      ]
    ],
    "label": "rose1.png"
  },
  {
    "image_path": "/Users/hwangjiyeong/PycharmProjects/facial reconition/face_recognition_1/train data/rose3.png",
    "landmarks": [
      [
        290,
        345
      ],
      [
        291,
        397
      ],
      [
        295,
        447
      ],
      [
        301,
        496
      ],
      [
        314,
        540
      ],
      [
        337,
        583
      ],
      [
        365,
        619
      ],
      [
        398,
        650
      ],
      [
        439,
        663
      ],
      [
        484,
        657
      ],
      [
        527,
        629
      ],
      [
        566,
        595
      ],
      [
        597,
        556
      ],
      [
        620,
        510
      ],
      [
        634,
        460
      ],
      [
        647,
        408
      ],
      [
        657,
        353
      ],
      [
        307,
        315
      ],
      [
        332,
        298
      ],
      [
        365,
        297
      ],
      [
        397,
        307
      ],
      [
        427,
        323
      ],
      [
        481,
        328
      ],
      [
        517,
        317
      ],
      [
        553,
        311
      ],
      [
        589,
        316
      ],
      [
        617,
        337
      ],
      [
        452,
        367
      ],
      [
        448,
        403
      ],
      [
        445,
        439
      ],
      [
        441,
        476
      ],
      [
        410,
        496
      ],
      [
        425,
        503
      ],
      [
        442,
        508
      ],
      [
        461,
        504
      ],
      [
        479,
        500
      ],
      [
        337,
        360
      ],
      [
        358,
        349
      ],
      [
        383,
        352
      ],
      [
        404,
        372
      ],
      [
        379,
        374
      ],
      [
        354,
        372
      ],
      [
        505,
        379
      ],
      [
        526,
        361
      ],
      [
        552,
        362
      ],
      [
        576,
        374
      ],
      [
        554,
        385
      ],
      [
        527,
        384
      ],
      [
        386,
        554
      ],
      [
        407,
        541
      ],
      [
        427,
        534
      ],
      [
        444,
        541
      ],
      [
        459,
        536
      ],
      [
        481,
        547
      ],
      [
        503,
        562
      ],
      [
        479,
        583
      ],
      [
        456,
        593
      ],
      [
        439,
        594
      ],
      [
        421,
        590
      ],
      [
        403,
        577
      ],
      [
        397,
        556
      ],
      [
        426,
        556
      ],
      [
        443,
        560
      ],
      [
        459,
        558
      ],
      [
        491,
        562
      ],
      [
        457,
        562
      ],
      [
        441,
        563
      ],
      [
        424,
        559
      ]
    ],
    "label": "rose3.png"
  },
  {
    "image_path": "/Users/hwangjiyeong/PycharmProjects/facial reconition/face_recognition_1/train data/dami1.png",
    "landmarks": [
      [
        282,
        179
      ],
      [
        284,
        222
      ],
      [
        289,
        264
      ],
      [
        298,
        304
      ],
      [
        314,
        340
      ],
      [
        339,
        371
      ],
      [
        372,
        396
      ],
      [
        409,
        414
      ],
      [
        449,
        421
      ],
      [
        487,
        417
      ],
      [
        522,
        401
      ],
      [
        551,
        377
      ],
      [
        572,
        347
      ],
      [
        588,
        312
      ],
      [
        600,
        276
      ],
      [
        607,
        238
      ],
      [
        608,
        199
      ],
      [
        332,
        131
      ],
      [
        357,
        110
      ],
      [
        389,
        104
      ],
      [
        421,
        109
      ],
      [
        449,
        124
      ],
      [
        498,
        130
      ],
      [
        525,
        121
      ],
      [
        553,
        122
      ],
      [
        579,
        131
      ],
      [
        593,
        152
      ],
      [
        474,
        169
      ],
      [
        474,
        195
      ],
      [
        475,
        221
      ],
      [
        475,
        248
      ],
      [
        439,
        272
      ],
      [
        455,
        277
      ],
      [
        470,
        281
      ],
      [
        484,
        280
      ],
      [
        497,
        276
      ],
      [
        368,
        169
      ],
      [
        387,
        158
      ],
      [
        409,
        161
      ],
      [
        426,
        178
      ],
      [
        407,
        180
      ],
      [
        385,
        178
      ],
      [
        513,
        184
      ],
      [
        530,
        169
      ],
      [
        551,
        170
      ],
      [
        566,
        183
      ],
      [
        551,
        189
      ],
      [
        530,
        189
      ],
      [
        409,
        332
      ],
      [
        432,
        316
      ],
      [
        454,
        308
      ],
      [
        467,
        313
      ],
      [
        481,
        309
      ],
      [
        497,
        321
      ],
      [
        511,
        340
      ],
      [
        495,
        351
      ],
      [
        479,
        355
      ],
      [
        464,
        355
      ],
      [
        450,
        353
      ],
      [
        430,
        346
      ],
      [
        418,
        331
      ],
      [
        453,
        328
      ],
      [
        466,
        330
      ],
      [
        480,
        329
      ],
      [
        502,
        338
      ],
      [
        480,
        332
      ],
      [
        466,
        332
      ],
      [
        452,
        330
      ]
    ],
    "label": "dami1.png"
  },
  {
    "image_path": "/Users/hwangjiyeong/PycharmProjects/facial reconition/face_recognition_1/train data/hyunbin2.png",
    "landmarks": [
      [
        198,
        377
      ],
      [
        201,
        427
      ],
      [
        208,
        477
      ],
      [
        215,
        525
      ],
      [
        229,
        572
      ],
      [
        256,
        610
      ],
      [
        290,
        648
      ],
      [
        330,
        676
      ],
      [
        380,
        683
      ],
      [
        429,
        675
      ],
      [
        471,
        647
      ],
      [
        507,
        613
      ],
      [
        535,
        576
      ],
      [
        551,
        531
      ],
      [
        560,
        484
      ],
      [
        569,
        436
      ],
      [
        576,
        387
      ],
      [
        233,
        346
      ],
      [
        258,
        322
      ],
      [
        296,
        317
      ],
      [
        332,
        324
      ],
      [
        366,
        339
      ],
      [
        407,
        339
      ],
      [
        443,
        325
      ],
      [
        480,
        320
      ],
      [
        515,
        327
      ],
      [
        537,
        353
      ],
      [
        387,
        375
      ],
      [
        386,
        405
      ],
      [
        386,
        435
      ],
      [
        385,
        466
      ],
      [
        349,
        491
      ],
      [
        366,
        496
      ],
      [
        383,
        501
      ],
      [
        400,
        497
      ],
      [
        415,
        492
      ],
      [
        275,
        377
      ],
      [
        296,
        367
      ],
      [
        319,
        369
      ],
      [
        338,
        384
      ],
      [
        317,
        387
      ],
      [
        293,
        386
      ],
      [
        435,
        383
      ],
      [
        454,
        369
      ],
      [
        477,
        368
      ],
      [
        496,
        379
      ],
      [
        479,
        387
      ],
      [
        456,
        387
      ],
      [
        314,
        557
      ],
      [
        339,
        542
      ],
      [
        363,
        536
      ],
      [
        381,
        541
      ],
      [
        400,
        536
      ],
      [
        422,
        544
      ],
      [
        443,
        560
      ],
      [
        421,
        577
      ],
      [
        400,
        585
      ],
      [
        380,
        587
      ],
      [
        360,
        586
      ],
      [
        337,
        577
      ],
      [
        326,
        559
      ],
      [
        363,
        556
      ],
      [
        381,
        558
      ],
      [
        401,
        557
      ],
      [
        431,
        561
      ],
      [
        399,
        559
      ],
      [
        380,
        561
      ],
      [
        362,
        559
      ]
    ],
    "label": "hyunbin2.png"
  },
  {
    "image_path": "/Users/hwangjiyeong/PycharmProjects/facial reconition/face_recognition_1/train data/hyunbin3.png",
    "landmarks": [
      [
        166,
        377
      ],
      [
        169,
        448
      ],
      [
        174,
        513
      ],
      [
        184,
        577
      ],
      [
        207,
        631
      ],
      [
        249,
        669
      ],
      [
        303,
        695
      ],
      [
        356,
        712
      ],
      [
        408,
        720
      ],
      [
        459,
        721
      ],
      [
        503,
        707
      ],
      [
        542,
        680
      ],
      [
        573,
        643
      ],
      [
        596,
        598
      ],
      [
        615,
        549
      ],
      [
        628,
        496
      ],
      [
        634,
        443
      ],
      [
        259,
        328
      ],
      [
        298,
        302
      ],
      [
        347,
        298
      ],
      [
        395,
        316
      ],
      [
        435,
        342
      ],
      [
        511,
        355
      ],
      [
        548,
        344
      ],
      [
        586,
        340
      ],
      [
        620,
        353
      ],
      [
        634,
        387
      ],
      [
        472,
        397
      ],
      [
        473,
        435
      ],
      [
        475,
        472
      ],
      [
        477,
        509
      ],
      [
        409,
        533
      ],
      [
        434,
        542
      ],
      [
        459,
        554
      ],
      [
        479,
        551
      ],
      [
        499,
        546
      ],
      [
        314,
        372
      ],
      [
        343,
        362
      ],
      [
        373,
        368
      ],
      [
        396,
        395
      ],
      [
        368,
        390
      ],
      [
        338,
        384
      ],
      [
        515,
        414
      ],
      [
        543,
        396
      ],
      [
        570,
        398
      ],
      [
        587,
        418
      ],
      [
        568,
        423
      ],
      [
        541,
        419
      ],
      [
        332,
        600
      ],
      [
        384,
        595
      ],
      [
        422,
        594
      ],
      [
        445,
        603
      ],
      [
        467,
        600
      ],
      [
        487,
        612
      ],
      [
        504,
        629
      ],
      [
        478,
        638
      ],
      [
        457,
        638
      ],
      [
        435,
        636
      ],
      [
        409,
        631
      ],
      [
        375,
        620
      ],
      [
        348,
        601
      ],
      [
        418,
        609
      ],
      [
        442,
        614
      ],
      [
        463,
        616
      ],
      [
        492,
        626
      ],
      [
        461,
        615
      ],
      [
        440,
        612
      ],
      [
        415,
        608
      ]
    ],
    "label": "hyunbin3.png"
  },
  {
    "image_path": "/Users/hwangjiyeong/PycharmProjects/facial reconition/face_recognition_1/train data/rose2.png",
    "landmarks": [
      [
        347,
        348
      ],
      [
        351,
        380
      ],
      [
        360,
        413
      ],
      [
        374,
        445
      ],
      [
        391,
        475
      ],
      [
        413,
        501
      ],
      [
        439,
        524
      ],
      [
        464,
        544
      ],
      [
        492,
        549
      ],
      [
        523,
        540
      ],
      [
        555,
        516
      ],
      [
        584,
        486
      ],
      [
        608,
        452
      ],
      [
        624,
        412
      ],
      [
        628,
        368
      ],
      [
        626,
        323
      ],
      [
        621,
        279
      ],
      [
        336,
        304
      ],
      [
        347,
        292
      ],
      [
        363,
        289
      ],
      [
        381,
        289
      ],
      [
        400,
        293
      ],
      [
        443,
        283
      ],
      [
        468,
        269
      ],
      [
        494,
        261
      ],
      [
        523,
        258
      ],
      [
        552,
        264
      ],
      [
        428,
        323
      ],
      [
        431,
        349
      ],
      [
        433,
        375
      ],
      [
        435,
        401
      ],
      [
        424,
        423
      ],
      [
        436,
        426
      ],
      [
        449,
        426
      ],
      [
        461,
        421
      ],
      [
        473,
        416
      ],
      [
        360,
        338
      ],
      [
        369,
        325
      ],
      [
        387,
        323
      ],
      [
        405,
        334
      ],
      [
        388,
        341
      ],
      [
        371,
        343
      ],
      [
        472,
        320
      ],
      [
        483,
        303
      ],
      [
        503,
        299
      ],
      [
        525,
        304
      ],
      [
        508,
        315
      ],
      [
        489,
        320
      ],
      [
        427,
        472
      ],
      [
        433,
        457
      ],
      [
        443,
        448
      ],
      [
        456,
        450
      ],
      [
        467,
        444
      ],
      [
        489,
        448
      ],
      [
        512,
        456
      ],
      [
        498,
        480
      ],
      [
        480,
        492
      ],
      [
        466,
        495
      ],
      [
        452,
        494
      ],
      [
        439,
        485
      ],
      [
        435,
        471
      ],
      [
        446,
        464
      ],
      [
        459,
        464
      ],
      [
        471,
        461
      ],
      [
        503,
        457
      ],
      [
        473,
        467
      ],
      [
        460,
        470
      ],
      [
        447,
        469
      ]
    ],
    "label": "rose2.png"
  },
  {
    "image_path": "/Users/hwangjiyeong/PycharmProjects/facial reconition/face_recognition_1/train data/dami4.png",
    "landmarks": [
      [
        218,
        311
      ],
      [
        220,
        360
      ],
      [
        226,
        412
      ],
      [
        243,
        457
      ],
      [
        272,
        494
      ],
      [
        312,
        525
      ],
      [
        354,
        550
      ],
      [
        398,
        569
      ],
      [
        436,
        571
      ],
      [
        467,
        560
      ],
      [
        489,
        533
      ],
      [
        511,
        503
      ],
      [
        530,
        470
      ],
      [
        546,
        434
      ],
      [
        556,
        396
      ],
      [
        557,
        359
      ],
      [
        551,
        321
      ],
      [
        304,
        268
      ],
      [
        332,
        247
      ],
      [
        368,
        236
      ],
      [
        405,
        237
      ],
      [
        437,
        250
      ],
      [
        488,
        249
      ],
      [
        509,
        238
      ],
      [
        530,
        234
      ],
      [
        548,
        240
      ],
      [
        556,
        257
      ],
      [
        463,
        311
      ],
      [
        468,
        340
      ],
      [
        473,
        368
      ],
      [
        480,
        397
      ],
      [
        434,
        429
      ],
      [
        451,
        432
      ],
      [
        467,
        435
      ],
      [
        480,
        430
      ],
      [
        490,
        424
      ],
      [
        341,
        316
      ],
      [
        366,
        303
      ],
      [
        392,
        304
      ],
      [
        410,
        322
      ],
      [
        390,
        326
      ],
      [
        365,
        326
      ],
      [
        483,
        318
      ],
      [
        502,
        297
      ],
      [
        524,
        295
      ],
      [
        537,
        308
      ],
      [
        526,
        318
      ],
      [
        504,
        320
      ],
      [
        395,
        487
      ],
      [
        428,
        476
      ],
      [
        454,
        467
      ],
      [
        465,
        469
      ],
      [
        477,
        465
      ],
      [
        489,
        471
      ],
      [
        494,
        478
      ],
      [
        486,
        494
      ],
      [
        474,
        505
      ],
      [
        462,
        508
      ],
      [
        449,
        509
      ],
      [
        425,
        502
      ],
      [
        406,
        487
      ],
      [
        453,
        484
      ],
      [
        464,
        484
      ],
      [
        475,
        481
      ],
      [
        488,
        480
      ],
      [
        474,
        482
      ],
      [
        463,
        485
      ],
      [
        452,
        486
      ]
    ],
    "label": "dami4.png"
  },
  {
    "image_path": "/Users/hwangjiyeong/PycharmProjects/facial reconition/face_recognition_1/train data/hyunbin4.png",
    "landmarks": [
      [
        272,
        347
      ],
      [
        277,
        390
      ],
      [
        287,
        433
      ],
      [
        298,
        473
      ],
      [
        314,
        513
      ],
      [
        336,
        546
      ],
      [
        364,
        576
      ],
      [
        397,
        598
      ],
      [
        438,
        601
      ],
      [
        482,
        593
      ],
      [
        526,
        571
      ],
      [
        564,
        542
      ],
      [
        593,
        504
      ],
      [
        610,
        460
      ],
      [
        618,
        413
      ],
      [
        623,
        366
      ],
      [
        625,
        318
      ],
      [
        289,
        313
      ],
      [
        305,
        288
      ],
      [
        334,
        280
      ],
      [
        365,
        284
      ],
      [
        394,
        295
      ],
      [
        432,
        289
      ],
      [
        463,
        271
      ],
      [
        498,
        262
      ],
      [
        534,
        267
      ],
      [
        562,
        288
      ],
      [
        411,
        322
      ],
      [
        411,
        348
      ],
      [
        410,
        374
      ],
      [
        409,
        401
      ],
      [
        388,
        430
      ],
      [
        400,
        433
      ],
      [
        414,
        435
      ],
      [
        430,
        431
      ],
      [
        445,
        426
      ],
      [
        323,
        334
      ],
      [
        337,
        323
      ],
      [
        356,
        323
      ],
      [
        374,
        334
      ],
      [
        356,
        338
      ],
      [
        337,
        340
      ],
      [
        466,
        326
      ],
      [
        481,
        312
      ],
      [
        501,
        310
      ],
      [
        521,
        317
      ],
      [
        504,
        325
      ],
      [
        484,
        327
      ],
      [
        371,
        493
      ],
      [
        387,
        478
      ],
      [
        403,
        469
      ],
      [
        417,
        473
      ],
      [
        433,
        466
      ],
      [
        455,
        474
      ],
      [
        481,
        487
      ],
      [
        458,
        500
      ],
      [
        437,
        506
      ],
      [
        420,
        509
      ],
      [
        405,
        509
      ],
      [
        388,
        504
      ],
      [
        380,
        493
      ],
      [
        404,
        486
      ],
      [
        418,
        486
      ],
      [
        435,
        484
      ],
      [
        472,
        487
      ],
      [
        435,
        486
      ],
      [
        419,
        489
      ],
      [
        404,
        488
      ]
    ],
    "label": "hyunbin4.png"
  },
  {
    "image_path": "/Users/hwangjiyeong/PycharmProjects/facial reconition/face_recognition_1/train data/rose4.png",
    "landmarks": [
      [
        215,
        348
      ],
      [
        225,
        382
      ],
      [
        239,
        416
      ],
      [
        255,
        449
      ],
      [
        276,
        478
      ],
      [
        306,
        501
      ],
      [
        339,
        520
      ],
      [
        375,
        534
      ],
      [
        409,
        532
      ],
      [
        440,
        517
      ],
      [
        468,
        491
      ],
      [
        493,
        461
      ],
      [
        512,
        428
      ],
      [
        520,
        391
      ],
      [
        519,
        352
      ],
      [
        514,
        312
      ],
      [
        504,
        273
      ],
      [
        231,
        296
      ],
      [
        244,
        278
      ],
      [
        264,
        268
      ],
      [
        286,
        266
      ],
      [
        309,
        271
      ],
      [
        364,
        259
      ],
      [
        385,
        243
      ],
      [
        409,
        232
      ],
      [
        436,
        231
      ],
      [
        461,
        240
      ],
      [
        345,
        300
      ],
      [
        351,
        326
      ],
      [
        356,
        351
      ],
      [
        362,
        376
      ],
      [
        345,
        405
      ],
      [
        359,
        406
      ],
      [
        371,
        406
      ],
      [
        381,
        399
      ],
      [
        392,
        393
      ],
      [
        265,
        325
      ],
      [
        277,
        308
      ],
      [
        296,
        304
      ],
      [
        312,
        317
      ],
      [
        298,
        324
      ],
      [
        280,
        328
      ],
      [
        388,
        299
      ],
      [
        402,
        278
      ],
      [
        421,
        272
      ],
      [
        439,
        280
      ],
      [
        428,
        292
      ],
      [
        408,
        297
      ],
      [
        334,
        457
      ],
      [
        349,
        443
      ],
      [
        365,
        432
      ],
      [
        378,
        433
      ],
      [
        389,
        426
      ],
      [
        410,
        428
      ],
      [
        431,
        432
      ],
      [
        417,
        453
      ],
      [
        401,
        466
      ],
      [
        388,
        471
      ],
      [
        374,
        473
      ],
      [
        355,
        470
      ],
      [
        342,
        456
      ],
      [
        369,
        449
      ],
      [
        381,
        447
      ],
      [
        393,
        443
      ],
      [
        423,
        435
      ],
      [
        395,
        445
      ],
      [
        382,
        450
      ],
      [
        370,
        451
      ]
    ],
    "label": "rose4.png"
  },
  {
    "image_path": "/Users/hwangjiyeong/PycharmProjects/facial reconition/face_recognition_1/train data/IU1.png",
    "landmarks": [
      [
        245,
        454
      ],
      [
        250,
        516
      ],
      [
        259,
        578
      ],
      [
        274,
        638
      ],
      [
        301,
        695
      ],
      [
        341,
        745
      ],
      [
        392,
        785
      ],
      [
        450,
        814
      ],
      [
        507,
        821
      ],
      [
        561,
        809
      ],
      [
        606,
        774
      ],
      [
        646,
        730
      ],
      [
        675,
        681
      ],
      [
        695,
        627
      ],
      [
        706,
        572
      ],
      [
        711,
        516
      ],
      [
        709,
        459
      ],
      [
        305,
        402
      ],
      [
        340,
        376
      ],
      [
        386,
        367
      ],
      [
        432,
        370
      ],
      [
        477,
        383
      ],
      [
        554,
        379
      ],
      [
        593,
        368
      ],
      [
        632,
        367
      ],
      [
        670,
        375
      ],
      [
        695,
        403
      ],
      [
        517,
        442
      ],
      [
        518,
        483
      ],
      [
        520,
        525
      ],
      [
        521,
        567
      ],
      [
        474,
        598
      ],
      [
        496,
        603
      ],
      [
        517,
        607
      ],
      [
        536,
        603
      ],
      [
        554,
        598
      ],
      [
        354,
        445
      ],
      [
        383,
        426
      ],
      [
        417,
        428
      ],
      [
        443,
        456
      ],
      [
        414,
        459
      ],
      [
        380,
        457
      ],
      [
        576,
        456
      ],
      [
        601,
        428
      ],
      [
        634,
        426
      ],
      [
        658,
        445
      ],
      [
        637,
        457
      ],
      [
        604,
        459
      ],
      [
        419,
        667
      ],
      [
        459,
        655
      ],
      [
        494,
        647
      ],
      [
        515,
        653
      ],
      [
        535,
        648
      ],
      [
        562,
        656
      ],
      [
        589,
        670
      ],
      [
        563,
        698
      ],
      [
        537,
        710
      ],
      [
        514,
        713
      ],
      [
        491,
        710
      ],
      [
        457,
        696
      ],
      [
        433,
        669
      ],
      [
        493,
        668
      ],
      [
        515,
        669
      ],
      [
        536,
        667
      ],
      [
        577,
        672
      ],
      [
        536,
        681
      ],
      [
        515,
        683
      ],
      [
        493,
        680
      ]
    ],
    "label": "IU1.png"
  },
  {
    "image_path": "/Users/hwangjiyeong/PycharmProjects/facial reconition/face_recognition_1/train data/JK4.png",
    "landmarks": [
      [
        332,
        401
      ],
      [
        328,
        453
      ],
      [
        329,
        507
      ],
      [
        339,
        561
      ],
      [
        361,
        609
      ],
      [
        398,
        649
      ],
      [
        444,
        682
      ],
      [
        495,
        707
      ],
      [
        546,
        719
      ],
      [
        592,
        714
      ],
      [
        630,
        684
      ],
      [
        661,
        650
      ],
      [
        688,
        611
      ],
      [
        708,
        568
      ],
      [
        721,
        527
      ],
      [
        726,
        482
      ],
      [
        726,
        439
      ],
      [
        418,
        349
      ],
      [
        452,
        326
      ],
      [
        493,
        324
      ],
      [
        532,
        335
      ],
      [
        568,
        355
      ],
      [
        615,
        359
      ],
      [
        644,
        347
      ],
      [
        675,
        345
      ],
      [
        703,
        356
      ],
      [
        717,
        384
      ],
      [
        593,
        401
      ],
      [
        596,
        432
      ],
      [
        599,
        463
      ],
      [
        601,
        495
      ],
      [
        545,
        521
      ],
      [
        566,
        528
      ],
      [
        586,
        537
      ],
      [
        603,
        535
      ],
      [
        618,
        531
      ],
      [
        462,
        392
      ],
      [
        485,
        381
      ],
      [
        511,
        384
      ],
      [
        530,
        406
      ],
      [
        506,
        408
      ],
      [
        480,
        404
      ],
      [
        624,
        419
      ],
      [
        646,
        401
      ],
      [
        671,
        403
      ],
      [
        686,
        422
      ],
      [
        669,
        429
      ],
      [
        645,
        427
      ],
      [
        486,
        580
      ],
      [
        525,
        567
      ],
      [
        557,
        563
      ],
      [
        576,
        569
      ],
      [
        593,
        567
      ],
      [
        612,
        578
      ],
      [
        628,
        595
      ],
      [
        606,
        616
      ],
      [
        585,
        626
      ],
      [
        567,
        626
      ],
      [
        546,
        622
      ],
      [
        518,
        606
      ],
      [
        498,
        580
      ],
      [
        554,
        578
      ],
      [
        574,
        582
      ],
      [
        590,
        583
      ],
      [
        617,
        596
      ],
      [
        588,
        600
      ],
      [
        570,
        602
      ],
      [
        551,
        599
      ]
    ],
    "label": "JK4.png"
  },
  {
    "image_path": "/Users/hwangjiyeong/PycharmProjects/facial reconition/face_recognition_1/train data/IU2.png",
    "landmarks": [
      [
        204,
        350
      ],
      [
        208,
        393
      ],
      [
        215,
        435
      ],
      [
        224,
        476
      ],
      [
        241,
        515
      ],
      [
        267,
        550
      ],
      [
        299,
        581
      ],
      [
        336,
        606
      ],
      [
        377,
        614
      ],
      [
        418,
        607
      ],
      [
        457,
        581
      ],
      [
        492,
        548
      ],
      [
        521,
        509
      ],
      [
        540,
        465
      ],
      [
        547,
        418
      ],
      [
        550,
        370
      ],
      [
        550,
        323
      ],
      [
        221,
        315
      ],
      [
        240,
        295
      ],
      [
        269,
        288
      ],
      [
        299,
        288
      ],
      [
        329,
        296
      ],
      [
        383,
        292
      ],
      [
        414,
        281
      ],
      [
        447,
        277
      ],
      [
        480,
        282
      ],
      [
        507,
        299
      ],
      [
        357,
        340
      ],
      [
        359,
        372
      ],
      [
        361,
        402
      ],
      [
        363,
        433
      ],
      [
        338,
        459
      ],
      [
        352,
        461
      ],
      [
        366,
        463
      ],
      [
        381,
        459
      ],
      [
        396,
        455
      ],
      [
        253,
        348
      ],
      [
        273,
        335
      ],
      [
        297,
        334
      ],
      [
        316,
        355
      ],
      [
        294,
        359
      ],
      [
        270,
        358
      ],
      [
        411,
        350
      ],
      [
        430,
        328
      ],
      [
        455,
        324
      ],
      [
        475,
        335
      ],
      [
        458,
        347
      ],
      [
        433,
        350
      ],
      [
        313,
        507
      ],
      [
        334,
        502
      ],
      [
        354,
        497
      ],
      [
        370,
        500
      ],
      [
        384,
        495
      ],
      [
        409,
        498
      ],
      [
        436,
        502
      ],
      [
        412,
        526
      ],
      [
        388,
        536
      ],
      [
        372,
        538
      ],
      [
        355,
        537
      ],
      [
        335,
        528
      ],
      [
        324,
        510
      ],
      [
        355,
        511
      ],
      [
        371,
        513
      ],
      [
        385,
        510
      ],
      [
        426,
        504
      ],
      [
        386,
        513
      ],
      [
        372,
        515
      ],
      [
        355,
        513
      ]
    ],
    "label": "IU2.png"
  },
  {
    "image_path": "/Users/hwangjiyeong/PycharmProjects/facial reconition/face_recognition_1/train data/IU3.png",
    "landmarks": [
      [
        228,
        234
      ],
      [
        228,
        269
      ],
      [
        230,
        305
      ],
      [
        235,
        338
      ],
      [
        247,
        370
      ],
      [
        265,
        399
      ],
      [
        289,
        424
      ],
      [
        319,
        442
      ],
      [
        351,
        447
      ],
      [
        383,
        442
      ],
      [
        413,
        426
      ],
      [
        439,
        405
      ],
      [
        459,
        379
      ],
      [
        473,
        349
      ],
      [
        480,
        318
      ],
      [
        485,
        285
      ],
      [
        486,
        252
      ],
      [
        249,
        204
      ],
      [
        267,
        188
      ],
      [
        294,
        183
      ],
      [
        320,
        186
      ],
      [
        345,
        195
      ],
      [
        385,
        199
      ],
      [
        409,
        193
      ],
      [
        433,
        194
      ],
      [
        456,
        201
      ],
      [
        471,
        217
      ],
      [
        363,
        231
      ],
      [
        362,
        255
      ],
      [
        361,
        279
      ],
      [
        360,
        302
      ],
      [
        335,
        320
      ],
      [
        346,
        323
      ],
      [
        358,
        327
      ],
      [
        369,
        325
      ],
      [
        381,
        322
      ],
      [
        275,
        229
      ],
      [
        290,
        219
      ],
      [
        308,
        222
      ],
      [
        323,
        239
      ],
      [
        306,
        238
      ],
      [
        288,
        235
      ],
      [
        399,
        244
      ],
      [
        414,
        228
      ],
      [
        432,
        228
      ],
      [
        447,
        240
      ],
      [
        432,
        244
      ],
      [
        415,
        244
      ],
      [
        302,
        356
      ],
      [
        326,
        351
      ],
      [
        345,
        349
      ],
      [
        357,
        353
      ],
      [
        371,
        350
      ],
      [
        388,
        355
      ],
      [
        406,
        362
      ],
      [
        387,
        377
      ],
      [
        369,
        381
      ],
      [
        356,
        382
      ],
      [
        342,
        379
      ],
      [
        323,
        372
      ],
      [
        310,
        358
      ],
      [
        343,
        362
      ],
      [
        357,
        364
      ],
      [
        370,
        363
      ],
      [
        399,
        363
      ],
      [
        370,
        365
      ],
      [
        357,
        365
      ],
      [
        343,
        363
      ]
    ],
    "label": "IU3.png"
  },
  {
    "image_path": "/Users/hwangjiyeong/PycharmProjects/facial reconition/face_recognition_1/train data/JK3.png",
    "landmarks": [
      [
        133,
        396
      ],
      [
        147,
        446
      ],
      [
        163,
        495
      ],
      [
        185,
        541
      ],
      [
        214,
        581
      ],
      [
        253,
        612
      ],
      [
        300,
        636
      ],
      [
        349,
        647
      ],
      [
        398,
        644
      ],
      [
        440,
        625
      ],
      [
        469,
        592
      ],
      [
        491,
        551
      ],
      [
        507,
        507
      ],
      [
        515,
        461
      ],
      [
        518,
        416
      ],
      [
        514,
        371
      ],
      [
        505,
        329
      ],
      [
        183,
        340
      ],
      [
        205,
        309
      ],
      [
        242,
        291
      ],
      [
        281,
        288
      ],
      [
        318,
        298
      ],
      [
        369,
        288
      ],
      [
        395,
        272
      ],
      [
        426,
        265
      ],
      [
        458,
        271
      ],
      [
        478,
        294
      ],
      [
        355,
        335
      ],
      [
        364,
        366
      ],
      [
        373,
        397
      ],
      [
        382,
        430
      ],
      [
        339,
        461
      ],
      [
        361,
        463
      ],
      [
        382,
        465
      ],
      [
        399,
        458
      ],
      [
        414,
        449
      ],
      [
        232,
        368
      ],
      [
        250,
        351
      ],
      [
        274,
        347
      ],
      [
        299,
        357
      ],
      [
        277,
        365
      ],
      [
        253,
        369
      ],
      [
        395,
        342
      ],
      [
        412,
        323
      ],
      [
        433,
        319
      ],
      [
        453,
        327
      ],
      [
        437,
        336
      ],
      [
        415,
        340
      ],
      [
        299,
        523
      ],
      [
        331,
        507
      ],
      [
        361,
        497
      ],
      [
        382,
        498
      ],
      [
        399,
        491
      ],
      [
        421,
        491
      ],
      [
        447,
        496
      ],
      [
        430,
        531
      ],
      [
        410,
        549
      ],
      [
        391,
        556
      ],
      [
        369,
        557
      ],
      [
        336,
        549
      ],
      [
        309,
        523
      ],
      [
        364,
        509
      ],
      [
        384,
        507
      ],
      [
        401,
        503
      ],
      [
        438,
        501
      ],
      [
        405,
        527
      ],
      [
        387,
        534
      ],
      [
        366,
        536
      ]
    ],
    "label": "JK3.png"
  },
  {
    "image_path": "/Users/hwangjiyeong/PycharmProjects/facial reconition/face_recognition_1/train data/JK2.png",
    "landmarks": [
      [
        409,
        301
      ],
      [
        385,
        378
      ],
      [
        364,
        461
      ],
      [
        355,
        544
      ],
      [
        370,
        623
      ],
      [
        409,
        689
      ],
      [
        463,
        747
      ],
      [
        521,
        798
      ],
      [
        586,
        828
      ],
      [
        648,
        836
      ],
      [
        703,
        813
      ],
      [
        753,
        776
      ],
      [
        800,
        734
      ],
      [
        841,
        682
      ],
      [
        875,
        628
      ],
      [
        900,
        570
      ],
      [
        912,
        513
      ],
      [
        564,
        271
      ],
      [
        619,
        255
      ],
      [
        675,
        263
      ],
      [
        724,
        286
      ],
      [
        764,
        324
      ],
      [
        823,
        354
      ],
      [
        863,
        356
      ],
      [
        902,
        370
      ],
      [
        931,
        397
      ],
      [
        936,
        438
      ],
      [
        778,
        404
      ],
      [
        771,
        446
      ],
      [
        766,
        488
      ],
      [
        760,
        533
      ],
      [
        670,
        557
      ],
      [
        694,
        572
      ],
      [
        718,
        590
      ],
      [
        742,
        594
      ],
      [
        766,
        594
      ],
      [
        598,
        347
      ],
      [
        634,
        343
      ],
      [
        666,
        356
      ],
      [
        686,
        388
      ],
      [
        653,
        381
      ],
      [
        621,
        368
      ],
      [
        809,
        441
      ],
      [
        841,
        428
      ],
      [
        870,
        439
      ],
      [
        885,
        466
      ],
      [
        862,
        467
      ],
      [
        833,
        457
      ],
      [
        582,
        625
      ],
      [
        635,
        623
      ],
      [
        679,
        626
      ],
      [
        697,
        642
      ],
      [
        717,
        642
      ],
      [
        736,
        666
      ],
      [
        742,
        690
      ],
      [
        713,
        701
      ],
      [
        687,
        702
      ],
      [
        666,
        696
      ],
      [
        643,
        683
      ],
      [
        614,
        659
      ],
      [
        596,
        630
      ],
      [
        667,
        653
      ],
      [
        687,
        665
      ],
      [
        707,
        671
      ],
      [
        730,
        685
      ],
      [
        701,
        665
      ],
      [
        681,
        662
      ],
      [
        660,
        651
      ]
    ],
    "label": "JK2.png"
  },
  {
    "image_path": "/Users/hwangjiyeong/PycharmProjects/facial reconition/face_recognition_1/train data/IU4.png",
    "landmarks": [
      [
        384,
        329
      ],
      [
        380,
        378
      ],
      [
        378,
        427
      ],
      [
        385,
        473
      ],
      [
        402,
        513
      ],
      [
        430,
        546
      ],
      [
        463,
        576
      ],
      [
        498,
        599
      ],
      [
        533,
        610
      ],
      [
        562,
        605
      ],
      [
        588,
        586
      ],
      [
        611,
        561
      ],
      [
        632,
        534
      ],
      [
        650,
        503
      ],
      [
        667,
        471
      ],
      [
        678,
        436
      ],
      [
        680,
        400
      ],
      [
        468,
        300
      ],
      [
        497,
        287
      ],
      [
        529,
        284
      ],
      [
        562,
        293
      ],
      [
        590,
        309
      ],
      [
        637,
        326
      ],
      [
        655,
        322
      ],
      [
        673,
        324
      ],
      [
        688,
        331
      ],
      [
        693,
        347
      ],
      [
        606,
        363
      ],
      [
        605,
        389
      ],
      [
        606,
        415
      ],
      [
        606,
        441
      ],
      [
        565,
        462
      ],
      [
        577,
        467
      ],
      [
        589,
        472
      ],
      [
        600,
        473
      ],
      [
        611,
        470
      ],
      [
        496,
        339
      ],
      [
        519,
        331
      ],
      [
        541,
        336
      ],
      [
        555,
        359
      ],
      [
        534,
        358
      ],
      [
        512,
        352
      ],
      [
        624,
        377
      ],
      [
        642,
        362
      ],
      [
        661,
        365
      ],
      [
        670,
        381
      ],
      [
        658,
        387
      ],
      [
        639,
        384
      ],
      [
        521,
        514
      ],
      [
        549,
        502
      ],
      [
        574,
        496
      ],
      [
        585,
        502
      ],
      [
        595,
        501
      ],
      [
        603,
        513
      ],
      [
        602,
        533
      ],
      [
        593,
        543
      ],
      [
        582,
        548
      ],
      [
        572,
        548
      ],
      [
        558,
        543
      ],
      [
        540,
        532
      ],
      [
        531,
        515
      ],
      [
        569,
        514
      ],
      [
        581,
        518
      ],
      [
        589,
        519
      ],
      [
        596,
        530
      ],
      [
        587,
        524
      ],
      [
        579,
        523
      ],
      [
        567,
        520
      ]
    ],
    "label": "IU4.png"
  },
  {
    "image_path": "/Users/hwangjiyeong/PycharmProjects/facial reconition/face_recognition_1/train data/JK1.png",
    "landmarks": [
      [
        136,
        274
      ],
      [
        142,
        361
      ],
      [
        158,
        447
      ],
      [
        175,
        528
      ],
      [
        202,
        607
      ],
      [
        247,
        673
      ],
      [
        309,
        732
      ],
      [
        383,
        780
      ],
      [
        467,
        797
      ],
      [
        545,
        782
      ],
      [
        617,
        735
      ],
      [
        678,
        675
      ],
      [
        726,
        606
      ],
      [
        752,
        525
      ],
      [
        765,
        444
      ],
      [
        776,
        362
      ],
      [
        785,
        280
      ],
      [
        194,
        227
      ],
      [
        240,
        182
      ],
      [
        304,
        168
      ],
      [
        367,
        175
      ],
      [
        422,
        199
      ],
      [
        524,
        194
      ],
      [
        582,
        173
      ],
      [
        644,
        171
      ],
      [
        702,
        190
      ],
      [
        738,
        232
      ],
      [
        476,
        268
      ],
      [
        476,
        333
      ],
      [
        478,
        397
      ],
      [
        479,
        463
      ],
      [
        407,
        490
      ],
      [
        441,
        501
      ],
      [
        474,
        512
      ],
      [
        506,
        503
      ],
      [
        538,
        496
      ],
      [
        270,
        278
      ],
      [
        308,
        261
      ],
      [
        350,
        265
      ],
      [
        382,
        292
      ],
      [
        346,
        294
      ],
      [
        304,
        292
      ],
      [
        563,
        296
      ],
      [
        599,
        273
      ],
      [
        638,
        273
      ],
      [
        668,
        290
      ],
      [
        639,
        303
      ],
      [
        601,
        303
      ],
      [
        336,
        576
      ],
      [
        392,
        566
      ],
      [
        437,
        560
      ],
      [
        471,
        571
      ],
      [
        506,
        564
      ],
      [
        551,
        574
      ],
      [
        600,
        581
      ],
      [
        551,
        627
      ],
      [
        504,
        652
      ],
      [
        466,
        657
      ],
      [
        431,
        651
      ],
      [
        386,
        628
      ],
      [
        352,
        581
      ],
      [
        436,
        578
      ],
      [
        469,
        585
      ],
      [
        505,
        582
      ],
      [
        583,
        585
      ],
      [
        504,
        615
      ],
      [
        467,
        619
      ],
      [
        432,
        613
      ]
    ],
    "label": "JK1.png"
  },
  {
    "image_path": "/Users/hwangjiyeong/PycharmProjects/facial reconition/face_recognition_1/train data/karina4.png",
    "landmarks": [
      [
        138,
        383
      ],
      [
        147,
        425
      ],
      [
        164,
        467
      ],
      [
        187,
        504
      ],
      [
        214,
        540
      ],
      [
        244,
        570
      ],
      [
        272,
        598
      ],
      [
        299,
        623
      ],
      [
        328,
        631
      ],
      [
        363,
        622
      ],
      [
        401,
        596
      ],
      [
        440,
        559
      ],
      [
        473,
        516
      ],
      [
        493,
        467
      ],
      [
        500,
        411
      ],
      [
        503,
        353
      ],
      [
        498,
        296
      ],
      [
        118,
        324
      ],
      [
        134,
        312
      ],
      [
        156,
        313
      ],
      [
        180,
        319
      ],
      [
        203,
        327
      ],
      [
        268,
        316
      ],
      [
        303,
        297
      ],
      [
        340,
        286
      ],
      [
        381,
        283
      ],
      [
        420,
        293
      ],
      [
        249,
        372
      ],
      [
        252,
        407
      ],
      [
        254,
        441
      ],
      [
        256,
        476
      ],
      [
        239,
        499
      ],
      [
        255,
        504
      ],
      [
        270,
        505
      ],
      [
        287,
        500
      ],
      [
        303,
        495
      ],
      [
        154,
        374
      ],
      [
        171,
        359
      ],
      [
        196,
        360
      ],
      [
        217,
        382
      ],
      [
        196,
        387
      ],
      [
        170,
        387
      ],
      [
        312,
        370
      ],
      [
        332,
        342
      ],
      [
        361,
        336
      ],
      [
        390,
        345
      ],
      [
        370,
        362
      ],
      [
        341,
        369
      ],
      [
        238,
        551
      ],
      [
        250,
        541
      ],
      [
        266,
        535
      ],
      [
        278,
        539
      ],
      [
        293,
        533
      ],
      [
        325,
        537
      ],
      [
        360,
        540
      ],
      [
        335,
        574
      ],
      [
        308,
        594
      ],
      [
        291,
        598
      ],
      [
        275,
        595
      ],
      [
        258,
        580
      ],
      [
        248,
        554
      ],
      [
        269,
        554
      ],
      [
        282,
        555
      ],
      [
        298,
        552
      ],
      [
        347,
        543
      ],
      [
        300,
        560
      ],
      [
        284,
        563
      ],
      [
        271,
        561
      ]
    ],
    "label": "karina4.png"
  },
  {
    "image_path": "/Users/hwangjiyeong/PycharmProjects/facial reconition/face_recognition_1/train data/karina1.png",
    "landmarks": [
      [
        162,
        353
      ],
      [
        173,
        410
      ],
      [
        190,
        465
      ],
      [
        208,
        517
      ],
      [
        234,
        565
      ],
      [
        267,
        608
      ],
      [
        303,
        647
      ],
      [
        344,
        683
      ],
      [
        387,
        690
      ],
      [
        431,
        679
      ],
      [
        474,
        643
      ],
      [
        512,
        600
      ],
      [
        546,
        551
      ],
      [
        569,
        499
      ],
      [
        583,
        441
      ],
      [
        595,
        382
      ],
      [
        600,
        320
      ],
      [
        185,
        319
      ],
      [
        210,
        297
      ],
      [
        246,
        293
      ],
      [
        283,
        298
      ],
      [
        317,
        312
      ],
      [
        401,
        306
      ],
      [
        439,
        287
      ],
      [
        480,
        280
      ],
      [
        521,
        284
      ],
      [
        553,
        301
      ],
      [
        364,
        365
      ],
      [
        366,
        407
      ],
      [
        368,
        448
      ],
      [
        369,
        489
      ],
      [
        336,
        515
      ],
      [
        353,
        521
      ],
      [
        370,
        526
      ],
      [
        389,
        518
      ],
      [
        408,
        512
      ],
      [
        226,
        369
      ],
      [
        251,
        355
      ],
      [
        282,
        357
      ],
      [
        306,
        381
      ],
      [
        279,
        386
      ],
      [
        248,
        385
      ],
      [
        431,
        373
      ],
      [
        455,
        348
      ],
      [
        486,
        345
      ],
      [
        513,
        357
      ],
      [
        492,
        373
      ],
      [
        461,
        377
      ],
      [
        316,
        583
      ],
      [
        340,
        568
      ],
      [
        360,
        558
      ],
      [
        378,
        564
      ],
      [
        398,
        556
      ],
      [
        422,
        564
      ],
      [
        448,
        576
      ],
      [
        424,
        602
      ],
      [
        401,
        616
      ],
      [
        380,
        619
      ],
      [
        360,
        617
      ],
      [
        340,
        605
      ],
      [
        329,
        583
      ],
      [
        361,
        580
      ],
      [
        379,
        582
      ],
      [
        399,
        579
      ],
      [
        435,
        578
      ],
      [
        398,
        579
      ],
      [
        378,
        583
      ],
      [
        360,
        581
      ]
    ],
    "label": "karina1.png"
  },
  {
    "image_path": "/Users/hwangjiyeong/PycharmProjects/facial reconition/face_recognition_1/train data/karina2.png",
    "landmarks": [
      [
        277,
        242
      ],
      [
        273,
        275
      ],
      [
        274,
        309
      ],
      [
        278,
        342
      ],
      [
        285,
        374
      ],
      [
        299,
        405
      ],
      [
        318,
        431
      ],
      [
        342,
        453
      ],
      [
        370,
        464
      ],
      [
        400,
        461
      ],
      [
        431,
        444
      ],
      [
        458,
        422
      ],
      [
        481,
        397
      ],
      [
        498,
        368
      ],
      [
        511,
        337
      ],
      [
        522,
        304
      ],
      [
        529,
        268
      ],
      [
        288,
        207
      ],
      [
        306,
        197
      ],
      [
        327,
        197
      ],
      [
        349,
        201
      ],
      [
        369,
        212
      ],
      [
        420,
        217
      ],
      [
        445,
        211
      ],
      [
        470,
        211
      ],
      [
        494,
        218
      ],
      [
        511,
        234
      ],
      [
        392,
        250
      ],
      [
        389,
        272
      ],
      [
        386,
        294
      ],
      [
        383,
        316
      ],
      [
        359,
        336
      ],
      [
        370,
        340
      ],
      [
        381,
        344
      ],
      [
        394,
        343
      ],
      [
        407,
        341
      ],
      [
        303,
        244
      ],
      [
        319,
        235
      ],
      [
        339,
        238
      ],
      [
        353,
        256
      ],
      [
        335,
        255
      ],
      [
        316,
        253
      ],
      [
        430,
        263
      ],
      [
        448,
        248
      ],
      [
        468,
        249
      ],
      [
        484,
        262
      ],
      [
        467,
        267
      ],
      [
        447,
        266
      ],
      [
        334,
        379
      ],
      [
        351,
        368
      ],
      [
        368,
        362
      ],
      [
        380,
        368
      ],
      [
        392,
        365
      ],
      [
        408,
        375
      ],
      [
        424,
        390
      ],
      [
        406,
        405
      ],
      [
        389,
        411
      ],
      [
        375,
        410
      ],
      [
        362,
        407
      ],
      [
        347,
        397
      ],
      [
        342,
        380
      ],
      [
        366,
        378
      ],
      [
        378,
        381
      ],
      [
        391,
        382
      ],
      [
        415,
        388
      ],
      [
        390,
        387
      ],
      [
        377,
        387
      ],
      [
        365,
        384
      ]
    ],
    "label": "karina2.png"
  },
  {
    "image_path": "/Users/hwangjiyeong/PycharmProjects/facial reconition/face_recognition_1/train data/karina3.png",
    "landmarks": [
      [
        196,
        412
      ],
      [
        208,
        447
      ],
      [
        227,
        482
      ],
      [
        252,
        518
      ],
      [
        279,
        550
      ],
      [
        307,
        582
      ],
      [
        333,
        617
      ],
      [
        364,
        643
      ],
      [
        400,
        646
      ],
      [
        443,
        630
      ],
      [
        489,
        599
      ],
      [
        529,
        556
      ],
      [
        561,
        508
      ],
      [
        579,
        457
      ],
      [
        583,
        398
      ],
      [
        577,
        338
      ],
      [
        566,
        281
      ],
      [
        187,
        332
      ],
      [
        189,
        317
      ],
      [
        201,
        310
      ],
      [
        217,
        309
      ],
      [
        233,
        312
      ],
      [
        285,
        283
      ],
      [
        317,
        258
      ],
      [
        354,
        245
      ],
      [
        396,
        243
      ],
      [
        439,
        252
      ],
      [
        277,
        354
      ],
      [
        280,
        386
      ],
      [
        282,
        419
      ],
      [
        285,
        451
      ],
      [
        288,
        487
      ],
      [
        301,
        489
      ],
      [
        315,
        486
      ],
      [
        330,
        477
      ],
      [
        344,
        469
      ],
      [
        215,
        388
      ],
      [
        223,
        367
      ],
      [
        245,
        362
      ],
      [
        266,
        376
      ],
      [
        250,
        388
      ],
      [
        228,
        393
      ],
      [
        344,
        344
      ],
      [
        359,
        315
      ],
      [
        385,
        305
      ],
      [
        415,
        311
      ],
      [
        397,
        330
      ],
      [
        370,
        340
      ],
      [
        308,
        570
      ],
      [
        307,
        541
      ],
      [
        317,
        522
      ],
      [
        330,
        521
      ],
      [
        342,
        511
      ],
      [
        377,
        514
      ],
      [
        415,
        523
      ],
      [
        394,
        557
      ],
      [
        369,
        575
      ],
      [
        354,
        583
      ],
      [
        340,
        587
      ],
      [
        323,
        584
      ],
      [
        318,
        566
      ],
      [
        326,
        545
      ],
      [
        337,
        539
      ],
      [
        350,
        534
      ],
      [
        402,
        526
      ],
      [
        355,
        543
      ],
      [
        341,
        549
      ],
      [
        330,
        554
      ]
    ],
    "label": "karina3.png"
  }
]